Course	Room	Teacher	Time	Students
1	GST102	239	1	63 570 723
514	SHAAUD	292	7	17 18 54 92 100 154 158 162 237 270 293 326 374 381 385 532 749 805 1040 1042 1043 1061 1065 1083 1105 1107 1153 1200 1201
3	STO207	99	1	78 385 407 416
4	WDS	151	1	21 166 643 658 704 1205
5	MAGILLHVID	251	1	61
7	SHA410	178	2	52 57 131 135 163 185 214 304 313 338 354 371 378 429 482 548 562 563 660 674 694 706 715 783 791 853 868 898 999 1015 1022 1097 1098 1155 1181
9	CHS104	281	2	150 161 446 451 996 1019 1053 1082
522	HLL201	199	3	893 949
12	HLL106	68	2	681 732 1180
15	STOAUD	22	3	6 11 16 19 26 44 80 81 85 88 96 111 175 182 278 413 454 457 479 499 538 568 574 584 598 638 652 653 716 730 750 752 765 766 767 823 891 977 990 1017 1023 1025 1037 1080 1092 1116 1161 1165 1170 1190 1194 1199 1201 1209
528	CHSAUD	282	1	42 146 151 271 279 341 346 475 480 514 521 640 803 970 1067 1090 1182
17	HLL112	108	4	407 681 1096
19	STOAUD	160	12	130 235 245 260 444 487 511 519 747 828 954 966 1013 1027 1046
532	HLL106	245	1	37 772 849 1099 1111
21	HLS108	72	9	17 260 270 288 411 416 426 492 493 496 507 696 728 813 896 1127 1153 1200
22	HLS109	122	3	13 92 193 301 433 489 490 714 731 847 859 881 928 1131 1136 1196
535	CHS101	174	2	81 207 227 269 299 350 415 639 642 684 790 844 1021 1065
24	CHSAUD	23	3	83 156 266 344 476 497 545 556 624 632 674 761 784 903 917 1181
516	HLL7	194	2	61 187 189 256 353 402 558 559 685 703 833 928 980 1129
26	HLS108	113	11	197 229 273 414 495 517 723 876 885 1104 1125
27	HLS11	151	4	201 677 705 772 1029 1163
28	SHA217	145	2	117 358 595 657 677 865 903 935 1115
29	STOAUD	215	10	49 84 113 116 198 238 254 272 322 537 574 629 683 727 736 778 944 946 961 1015 1048 1094 1113 1152 1181
543	IRADEAREID	239	2	
734	IRADEAREID	112	1	172 329
33	SHA410	212	11	8 34 78 80 116 224 262 282 312 447 449 503 627 737 787 804 989 991 1192
546	ESTW309	227	1	25 52 60 70 84 112 179 312 322 368 469 529 535 605 617 662 686 688 714 744 831 876 979 992 1064 1103 1209
547	HLS108	8	4	71 106 230 343 491 601 671 709 741 742 798 810 841 953 977 1059
36	STO18	17	3	890
549	SHA410	77	6	3 7 12 70 184 232 288 372 414 428 445 471 554 555 684 694 711 714 783 824 905 912 1066 1069 1073 1080 1166 1187 1191 1195
39	SHA412	317	1	359 549 568 659 838 1139
553	CHS101	85	3	103 118 200 269 281 448 732 739 780 802 867 1003
554	LNKL205	19	4	384 616 1172
45	HLS105	179	2	50 63 143 195 208 259 388 399 472 496 556 570 589 614 619 696 718 768 923 958 968 983 1071 1111 1145 1164
605	HLL7	196	10	780 984
560	STO14	54	2	93 327 459 994 1135
563	STOAUD	261	5	12 26 35 154 170 258 282 318 335 380 385 436 537 647 656 662 716 759 767 823 861 933 978 981 1010 1037 1060 1079 1103 1125 1127 1128 1177 1195 1209
52	HLL107	304	5	175 256 464 552 553 577 703 915 1061
53	STO102	36	1	154
692	HLS109	330	5	53 186 195 303 331 371 450 625 642 674 679 721 734 787 939 1007 1028 1030 1059 1102
58	HLS105	157	1	41 53 88 140 203 287 342 430 479 595 665 670 680 786 843 886 967 1024 1053 1062 1179
59	STO16	196	6	75 780 802
60	HLS109	127	11	144 215 336 403 468 888 894 1170
573	SHA410	296	3	147 245 247 356 406 410 431 477 518 522 539 543 567 779 798 816 913 918 934 953 1005 1012 1016 1045 1074 1117 1144 1176
62	SHAAUD	87	9	91 108 113 137 157 198 241 379 395 418 522 532 565 710 712 749 810 832 833 884 929 983 1011 1068 1102 1164
63	SHA410	31	1	50 103 218 406 418 422 459 472 478 519 586 620 768 830 923 1005 1012 1016 1033 1043 1063 1068 1089 1109 1135 1143 1144 1176
576	CHSAUD	68	5	56 77 182 455 528 622 762 769 853 859 860 868 1041 1157
577	SHA217	196	8	27 211 283 848 903 925 1135 1169 1210
684	HLS105	261	3	8 10 43 76 202 357 363 456 549 606 635 721 722 723 724 775 787 793 1044 1094 1192 1193
68	MAGILLMR	180	1	607 796
69	ESTW309	62	8	8 77 185 258 321 357 372 383 422 712 861 950 958 990 1063 1107 1192
72	HLL7	21	3	14 49 150 396 451 498 675 744 786 898 955 996 1197
585	SHAAUD	97	5	40 52 55 58 62 83 113 131 179 191 243 291 334 343 360 365 424 430 459 498 539 667 799 819 910 911 959 1013 1032 1072 1141 1185
565	HLS105	273	4	42 91 148 153 169 175 279 464 508 648 660 720 894 1001 1067 1128
590	HLS105	39	7	5 22 38 66 170 414 447 592 766 895 1017 1103 1120 1162 1175 1183 1189 1205
79	SHA217	14	6	196 461 463 900 952
81	STO119	174	4	557 874 926 1177
84	STO16	143	2	100 119 311 323 442 560 730 1062
89	GST101	159	6	71 183 645 741 1000 1059
91	ESTW307	43	4	20 28 55 119 190 211 260 285 383 432 490 509 535 570 637 816 825 887 917 921 942 1008 1035 1091 1203 1211
93	SHA217	248	4	418 422 533 666 773 800 909 997 1068
606	GST101	180	8	160 345 667 763 817 852 873 963 1014 1038
98	SHAAUD	4	6	4 19 22 49 122 124 133 179 209 222 254 403 409 469 485 603 626 817 830 855 910 935 987 1013 1074 1093 1134 1188 1201 1205
611	HLL6	251	4	90 180 299 559 577 586 685 756 863 1138
612	STO16	205	1	175 234 464 470 515 703 1061
613	OBS	202	5	402 643 792 943
102	GST102	90	2	568 794
615	STOAUD	134	9	89 100 155 161 166 192 203 239 243 277 296 357 415 623 638 659 670 704 705 807 843 846 961 1042 1074 1080 1163
106	CHSAUD	188	6	63 96 109 393 511 569 586 587 697 773 908 968 1047 1157
108	ESTW309	105	3	1 48 115 127 176 181 312 333 337 416 468 474 510 525 599 659 679 951 961 975 1022 1128 1185
110	ROB7	62	1	64
111	CHS101	153	6	1 213 273 335 392 595 648 687 758 871 999 1075
115	SHAAUD	97	8	84 131 133 149 155 190 206 212 223 255 354 399 530 579 590 638 650 702 726 818 829 921 989 1041 1057 1105
629	MARSHAUD	104	1	334 822
118	CHS104	110	1	132 136 540 654 878 994 1096
631	ESTW307	225	5	115 147 159 196 208 261 283 395 439 477 518 519 589 664 668 692 697 698 742 836 883 977 985 1005 1033 1045 1174
632	STOAUD	134	2	5 19 34 38 39 68 110 116 139 162 165 174 210 229 318 342 364 368 386 403 413 453 455 461 467 481 500 520 585 613 669 678 679 738 740 750 776 820 836 939 957 992 1025 1026 1028 1031 1039 1057 1058 1064 1092 1120 1139 1189 1202
121	HLS109	41	8	20 47 129 251 252 501 633 647 724 874 1064 1203
123	STO10	170	3	129 225 334 534 835 907 1073
124	STO14	297	4	13 433 569 579 737 1196
618	SHA410	4	5	10 11 18 36 79 169 199 224 270 306 337 377 413 527 580 724 750 793 801 824 992 1024 1031 1064 1129 1136 1193 1194 1200
127	HLL7	127	9	133 165 188 209 272 282 436 502 702 713 823 978
128	CHSAUD	87	10	93 102 347 435 666 1144 1176
129	SHA217	118	5	27 375 616 780 1003 1150 1210
132	HLL7	320	4	197 337 465 592 715 732 755 808 844 897 1051 1147
133	HLS204	27	2	142 218 347 1063
134	HLL7	160	8	72 207 598 600 669 698 718 889 906 1008 1018
136	LNKL205	132	1	167 790 984
620	HLS11	71	5	74 631
651	UN114	296	2	1206 1208
140	UN114	311	3	563 751
655	HLS204	50	4	247 522 567 913 1140 1144
144	CHSAUD	165	8	83 266 302 465 482 548 562 564 648 805 978 998
536	HLL6	118	1	118 317 375 616 739 780 802 1003 1150
147	GST101	73	5	178 435 462 525 634 646 663 1068
149	WDS	292	3	313 422 770 869 967
662	HLS11	248	1	102 548 556 572 781 1149
664	STO119	196	2	32 739 828 1002
665	HLS105	323	11	238 240 374 561 654 785 835 856 958 1102 1182
704	SHA410	318	4	43 44 163 204 206 240 364 365 371 377 405 408 429 443 542 544 606 623 653 658 699 740 758 783 854 880 891 1023 1044 1046 1049 1058 1114 1127 1162
669	ESTW307	224	7	95 126 151 153 169 306 411 475 480 508 514 521 552 648 660 894 1001 1025 1086 1118
158	OBS	71	3	265 570 843 880
709	ESTW115	56	3	
160	GIACSWAN	2	2	
163	HLS109	82	6	88 120 125 140 219 284 349 350 367 506 654 676 708 873 958 976 1098 1172
165	TAYD	105	1	135
679	LNKL309	282	3	237 915
172	STOAUD	257	6	9 35 43 44 47 127 170 190 210 253 255 290 467 495 542 584 609 614 638 647 656 662 861 891 924 1022 1053 1092 1161 1162 1183 1192
686	HLL6	77	5	16 300 659 902 1078 1146 1154 1199
175	UN114	166	1	315 682 1169
177	HLL112	17	1	217 743 793 940
548	ESTW307	107	2	46 106 159 164 230 250 332 343 355 410 491 551 600 601 645 664 671 672 697 741 810 821 841 883 893 949 988 998 1000 1054 1110 1140 1160
627	STO119	112	3	220 223 438 735
180	STO10	48	6	17 592 704 722 1200
181	GST101	18	7	53 106 203 269 282 311 394 555 730 1174
184	CHSAUD	76	4	54 181 185 363 453 659 872 884 966 975 1116 1150 1184
188	HLL107	39	4	189 281 292 319 474 505 528 707 889 932 1085
533	LNKL205	320	3	244 417 1130
192	HLS108	26	2	44 53 54 65 121 129 173 265 268 273 290 320 330 416 417 466 486 782 789 827 872 1014 1024 1108 1122 1137 1167 1171
194	STO301	292	2	
707	WDS	196	4	118 283 739 903 925 943 952 1169
197	HLL201	11	1	289 812 1019
199	CHS104	239	4	122 135 151 479 688 745 910 1139
202	STOAUD	167	4	12 26 39 70 87 174 188 199 236 252 258 326 335 381 403 421 423 470 523 524 534 540 543 587 602 609 624 626 631 633 654 662 678 779 867 885 901 973 1061 1076 1092 1121 1129 1171 1195 1209
204	HLS108	54	3	33 41 102 126 137 241 303 321 379 383 384 401 565 580 593 701 712 858 864 909 997 1107 1145
717	HLS109	182	9	76 144 176 216 249 262 263 275 330 511 550 826 1024 1026 1161
718	SHA412	202	3	75 204 544 676 889
720	HLS105	95	6	29 64 171 202 223 311 379 417 549 623 627 748 775 789 822 940 951 1050 1099 1148 1212
209	STOAUD	230	8	2 10 139 165 192 209 213 290 398 438 542 591 594 602 635 767 792 915 954 1002 1026 1049 1076 1088 1113 1136 1164 1186 1193
213	HLL107	282	2	42 237 279 341 382 475 480 521 640 803 809 990 1090
214	HLS11	241	3	452 711 982 1169
217	ESTW307	146	9	215 283 425 483 536 554 590 635 650 723 740 762 829 851 880 894 999 1037 1063
731	CHS104	228	5	99 128 194 298 835 892 1098
732	STO207	68	3	97 171 319 1179
222	STO207	195	2	29 1179 1212
223	LNKL309	170	1	141 222 1071
224	HLS109	18	4	98 165 182 213 232 235 366 372 430 502 504 598 663 1088
737	GST103	119	1	1200 1201 1206
228	CHS104	237	3	253 349 392 627 639 983
741	STO16	196	5	241 309 719 749 800 964 1018
746	STO14	218	1	186 565 655 857 1159 1180
235	STO10	195	8	69 79 348 435 494 744 1036 1047
236	HLS108	74	8	109 130 268 309 468 492 613 658 766 774 783 833 905 951 1104
238	HLS108	232	10	79 107 217 275 350 517 549 665 791 878 964 1049
239	ESTW309	133	6	104 108 234 274 295 374 391 410 497 510 516 589 615 666 753 779 781 812 911 922 1081
240	GST102	329	4	186 446 790
244	SHA217	320	7	643 715
603	CHSAUD	85	9	16 237 315 367 438 544 655 859 860 941 982 1094 1199
249	HLL201	133	2	855
251	SHA412	230	4	333 342 526 547 560 936 941
253	HLL106	146	4	349 778 1151 1167
641	STO10	196	7	118
267	HLS105	116	10	76 121 249 326 348 716 724 782 951 1037 1042
268	HLL7	54	7	102 113 321 376 379 383 478 666 712 768 858 909 923 1089 1145
557	HLS11	187	2	132 437 822 936 986
687	SHA410	43	12	23 69 361 683 744 985 1011 1084 1145 1174 1206
276	UN111	186	1	947
277	HLL6	272	6	303 426 720 1051 1071 1078
729	GIACSWAN	0	3	
282	SHA410	122	9	13 92 111 193 301 433 489 490 703 714 731 737 847 881 928 973 1031 1131 1136 1196
283	STO18	71	1	242 603 835
290	STO10	153	4	294 352 545 665 711 788 988 1097 1146
292	SHA412	316	2	74 242 603 646 720
295	STOAUD	145	7	25 104 181 197 249 254 302 363 420 428 455 498 520 542 546 629 650 699 741 758 787 806 864 874 911 960 966 996 1114 1161 1208
297	GST103	38	2	
302	MAGILLMR	192	2	
305	HLS108	67	6	78 89 142 143 201 218 310 337 371 486 508 513 604 610 644 746 755 807 870 925 1120
308	SHAAUD	304	3	51 67 95 101 138 148 153 158 180 189 232 236 256 307 328 353 381 411 464 470 493 505 528 532 558 561 633 660 707 756 774 795 797 863 924 980 991 1039 1072 1083 1086 1108 1121 1129 1138 1171
309	HLL107	300	7	21 139 143 346 391 443 456 591 677 747 1204
310	SHA213	199	1	159
311	ESTW307	241	11	130 221 253 258 328 348 392 546 553 759 768 898 929 1002 1076 1078
312	HLL107	237	6	318 328 474 553 881 898 1154
313	STOAUD	188	1	3 4 7 9 11 13 16 35 43 47 158 181 204 206 214 226 233 255 285 288 296 304 313 377 380 398 408 443 451 463 467 468 481 489 527 531 536 554 583 584 585 588 591 624 626 642 671 673 689 693 732 734 753 754 776 813 829 851 926 927 981 1001 1008 1010 1022 1026 1028 1042 1066 1114 1116 1132 1162 1173 1187 1188 1191 1192 1194 1196 1199
315	HLL6	232	8	33 105 210 546 574 733 825 993 1009
318	ESTW307	269	12	292 414 433 874 906 934 1099 1155
319	ESTW309	238	10	9 114 483 518 558 779 806 821 922 1031 1139 1149 1155 1192
321	SHA410	276	8	39 104 114 189 346 477 486 528 559 673 703 722 739 770 798 806 807 813 970 1017 1032 1099 1111 1173 1174 1182
322	MARSHAUD	0	2	
323	ESTW307	44	10	2 15 85 91 144 414 438 487 602 745 776 823 898 1058 1186 1198
324	HLL112	189	3	135 221 976
325	STO16	48	3	166 380 486 591 807 836
327	GST101	98	2	291 539 641 751 769 799 860 888 967 982 1102
328	SHAAUD	212	1	33 57 58 83 85 105 120 142 149 171 264 267 303 350 365 366 373 384 477 526 630 674 730 733 756 789 870 897 910 911 916 971 1029 1041 1087 1158
333	LNKL309	325	2	235
336	CHS101	28	8	285 385 622 679 693 700 776 912 1093 1175
341	ESTW309	257	4	25 34 158 288 466 471 481 503 588 651 713 743 747 775 834 957 1021 1080 1094 1118 1156 1170 1208
344	ESTW309	248	2	91 107 108 152 196 393 418 484 490 499 530 533 538 572 666 763 773 800 864 877 879 887 908 909 915 971 987 997 1047 1093 1127 1156
740	HLL107	159	3	45 159 164 250 305 463 531 636 837 1110 1123 1172
347	CHS101	19	9	375 420 439 658 789 857 882 902 907 964 984 1044
350	CHS101	88	4	21 128 176 249 330 348 451 498 670 993 996 1204
352	CHS101	182	5	112 266 290 333 485 743 856 955 986 1071
355	HLS109	83	10	124 224 425 453 492 590 754 966 1017 1039 1177
359	LNKL205	137	2	1203 1204
360	ESTW309	124	11	86 89 132 143 214 228 276 310 401 485 540 676 742 827 839 1034
572	SHA217	267	1	62 145 246 361 412 661 681 1021 1098
363	SHA410	189	10	38 54 138 280 466 548 588 626 725 726 768 864 895 908 928 945 1151
365	ESTW307	192	6	146 147 235 245 395 431 444 460 518 519 539 543 575 673 698 709 798 834 883 918 934 977 985 1007 1016 1032 1033 1045 1143
370	HLS109	318	7	10 39 72 86 174 227 246 401 412 510 717 718 868 984 1109 1115 1193
659	SHA410	180	7	7 8 65 69 127 130 133 147 182 212 224 389 503 536 558 625 644 686 722 827 839 936
574	HLL7	85	6	16 237 315 438 450 643 664 792 860 982 1055 1094 1140 1199
374	ESTW307	168	1	5 24 51 297 302 321 364 381 393 399 455 606 608 715 735 738 746 800 853 877 960 973 974 1039 1091 1189 1207
375	CHSAUD	185	7	124 274 316 360 408 459 525 627 653 663 672 676 781 817 828 853
377	GST101	323	4	112 134 168 291 751 799 890 959 1014 1072
378	HLL6	207	7	187 256 426 577 833
385	SHAAUD	245	10	28 39 56 104 162 385 439 461 601 606 699 708 807 820 839 902 933 938 970 1060 1211
386	STOAUD	201	11	55 190 191 205 259 376 377 429 432 487 650 652 670 694 769 832 921 985 1088 1113 1163
747	GST101	166	3	37 112 272 330 369 436 501 576 688 771 781 993
388	ESTW309	15	7	123 245 387 477 567 651 665 675 691 757 777 917 1036 1051 1081 1095 1124 1178
736	ESTW115	311	2	583
395	STO10	241	1	59 194 320 417 452 902 1148 1154
396	ESTW115	330	1	15 896 1198
399	HLS109	293	2	22 66 67 78 297 483 633 728 735 737 881 896 905 1043 1104 1136 1150 1183 1205
401	CHSAUD	14	11	326 415 636 1122
610	CHS104	179	6	77 533 620 763 983
406	STO14	317	3	57 94 346 785
407	WDS	239	5	278 287 869 952 1151 1167
408	OBS	21	1	74 79 150 163 494 517
580	HLL112	1	2	485 743 890
411	HLL6	56	2	82 183 231 292 307 319 505 797 995 1038 1085
412	SHAAUD	27	4	6 24 72 109 152 222 225 259 298 347 370 388 431 445 484 496 500 511 517 537 555 604 608 664 710 746 824 908 929 971 1005 1047 1111 1190 1207
581	OBS	254	4	255 454 536 722 767 777 1157
416	CHS101	169	7	57 88 152 168 218 310 388 709 799 824 956 1158
432	STO207	54	4	160 619 946 962
433	CHSAUD	61	2	264 281 361 390 514 569 608 620 634 788 849 862 932 1154
436	HLS109	297	1	87 183 187 189 231 281 292 307 319 474 528 577 707 797 859 889 932 995 1038 1083 1085
437	SHA217	132	3	30 368 437 550 641 791 832 1068 1163 1213
438	GIACSWAN	323	1	95 101 1050
439	SHAAUD	61	12	297 313 324 537 594 618 656 728 738 755 929 1025
440	HLL107	171	1	173 349 389 390 815 900 976 1056 1126
442	WDS	300	2	221 346 384 582 688 910 924
443	GST102	90	3	298 680 896
444	GST101	75	1	483 509 563 855 933 937 962 1027 1155
445	HLS108	88	5	14 20 22 48 101 129 203 238 446 502 574 598 602 872 928 947 999 1023 1040 1131 1132 1155 1197 1203 1205
454	ESTW307	290	3	62 86 89 123 145 246 275 294 320 389 540 615 655 661 681 695 742 788 815 852 900 1034 1056 1109 1112 1159 1180
714	ESTW309	67	5	1 47 68 81 185 202 227 268 423 456 599 695 701 704 736 755 806 813 884 926 927 937 940 1073 1120 1122
457	SHAAUD	46	11	65 66 162 192 199 212 225 399 441 510 625 675 678 725 749 771 792 954 987 1066
458	HLS105	276	5	9 93 114 168 207 223 276 367 406 444 557 620 709 771 821 841 849 1052 1111 1139 1161 1164 1192
459	STO10	7	2	41 192 216 272 544 623 920 1049 1051
460	ESTW307	71	8	49 221 233 263 310 342 534 636 657 676 684 686 725 823 939 965 1070 1128 1153 1183
462	HLL6	238	3	271 295 367 390 446 557 849 855 922 1052 1149
466	HLS105	266	9	94 254 340 341 370 447 448 486 503 527 614 630 726 919 934 950 1016
675	HLL7	76	1	28 188 197 202 273 537 546 560 795 827 868 961 1060 1073 1211
474	HLS204	189	1	501 545 705 752 1078
476	HLS105	254	8	3 116 191 312 387 762 782 801 872 1132 1150 1156 1187
477	STO10	233	5	51 90 267 289 315 421 624
478	SHAAUD	33	2	4 9 13 17 37 90 111 125 127 141 184 215 275 280 359 423 425 447 479 507 508 592 631 637 687 698 752 756 777 813 847 885 891 894 895 912 975 1046 1069 1113 1165 1184 1188 1192 1196 1200
479	CHS101	329	1	66 68 124 240 328 386 387 415 423 717 989 1044 1046 1165
481	ESTW309	259	9	36 101 126 300 304 306 419 421 516 559 617 632 820 991 1040 1057 1086 1138 1171
482	STO18	294	2	186
483	OBS	218	2	2 695 854 956 1186
484	HLL7	30	5	6 70 336 416 419 885 920 965 1034 1175 1190
487	HLS108	78	7	209 355 404 406 466 506 513 708 772 791 832 838 888 953 1053 1117 1135 1159
489	HLL107	43	8	31 404 437 697 811 838 886 1091 1117 1215
492	SHA412	101	5	275 641 788 967
495	STO119	29	1	119 207 311 356 866
500	HLS108	137	1	71 148 248 332 340 355 367 410 506 551 645 664 672 697 709 893 998 1000 1054 1059 1140 1160
545	STO16	228	4	264 568 628 684 701 717 857 916
502	HLS204	259	3	419 425 803 1040
596	STO301	30	1	748 922 1075
689	HLL106	36	3	15 572 854 1198